8 / 266 0 333 9 / 267 1 37 2 / 0 26 172 7 / 401 26 100 5 / 410 26 52 3 / 416 26 132 7 / 416 27 2352 31 / 401 28 1203 29 / 
21 / 0 0 107 5 / 287 3 143 6 / 13 37 502 11 / 11 38 135 5 / 204 45 39 2 / 203 46 485 13 / 252 46 413 11 / 205 47 492 12 / 251 47 327 10 / 204 48 210 8 / 147 50 2484 44 / 174 51 4296 64 / 182 52 1252 18 / 189 53 952 17 / 194 54 1411 24 / 200 55 3299 27 / 201 56 1834 26 / 208 57 21 1 / 535 72 32 2 / 536 73 406 13 / 536 74 17 1 / 
13 / 0 0 554 13 / 0 1 21 1 / 43 5 943 15 / 42 6 1548 18 / 36 7 680 14 / 32 8 665 13 / 33 9 817 15 / 35 10 661 12 / 32 11 436 12 / 29 12 689 15 / 27 13 460 11 / 24 14 619 14 / 19 15 348 11 / 
8 / 162 0 117 5 / 4 47 460 13 / 5 48 607 14 / 4 49 1414 18 / 2 50 1621 20 / 0 51 1864 19 / 1 52 170 7 / 6 55 268 8 / 
5 / 0 0 287 9 / 4 1 509 12 / 388 50 1014 17 / 389 51 1067 17 / 392 52 247 10 / 
6 / 0 0 1518 16 / 208 39 1411 17 / 194 40 2392 25 / 188 41 1012 15 / 27 89 231 8 / 30 92 460 11 / 
4 / 55 0 876 14 / 0 4 1027 14 / 1 5 236 8 / 30 7 244 9 / 
8 / 6 0 175 7 / 6 1 180 6 / 114 10 274 11 / 122 11 1045 21 / 123 12 649 15 / 125 13 573 13 / 127 14 215 8 / 0 62 407 12 / 
11 / 276 0 548 12 / 278 1 178 8 / 268 40 18 1 / 270 41 385 11 / 317 41 152 6 / 270 42 40 2 / 317 42 684 13 / 303 43 16 1 / 314 43 873 16 / 316 44 411 12 / 0 54 37 2 / 
13 / 193 0 40 2 / 195 1 261 9 / 79 39 448 12 / 81 40 564 12 / 82 41 301 10 / 86 42 682 13 / 87 43 662 13 / 86 44 1020 18 / 54 45 234 8 / 79 45 873 21 / 55 46 1680 32 / 58 47 1231 24 / 0 59 20 1 / 
8 / 27 0 134 6 / 22 1 1182 26 / 13 2 436 14 / 5 3 578 16 / 1 4 1878 24 / 0 5 1845 25 / 190 145 418 10 / 189 146 186 7 / 
7 / 30 0 335 8 / 0 469 8996 45 / 0 470 960 15 / 30 470 3583 34 / 38 471 1334 17 / 65 473 510 11 / 6 537 584 12 / 
11 / 0 0 696 13 / 1 1 687 13 / 7 2 930 16 / 7 3 831 16 / 6 4 575 14 / 6 5 690 15 / 5 6 76 4 / 49 26 681 15 / 48 27 260 10 / 125 30 304 10 / 127 31 320 10 / 
7 / 122 0 38 2 / 125 0 17 1 / 143 0 308 10 / 148 1 2671 38 / 147 2 1725 31 / 0 24 206 8 / 114 27 19 1 / 
10 / 80 0 94 4 / 227 11 63 3 / 226 12 1398 21 / 221 13 2099 37 / 191 14 3549 49 / 188 15 497 17 / 77 24 304 9 / 76 25 824 14 / 77 26 492 12 / 0 77 114 6 / 
10 / 138 0 724 14 / 1 1 576 12 / 133 1 1201 17 / 0 2 402 10 / 129 2 2706 20 / 123 3 1450 17 / 123 4 1201 15 / 273 14 381 11 / 274 15 431 11 / 35 44 302 9 / 
8 / 4 0 473 11 / 6 1 877 14 / 4 2 1246 17 / 0 3 2008 18 / 212 15 274 8 / 212 16 354 9 / 468 57 406 12 / 626 69 415 10 / 
11 / 0 0 17 1 / 5 0 103 4 / 205 14 495 13 / 207 15 1733 23 / 195 16 859 24 / 191 17 1248 16 / 191 18 2044 20 / 192 19 2999 24 / 194 20 1141 19 / 202 24 493 13 / 204 25 295 8 / 
6 / 340 0 252 9 / 2 15 150 6 / 157 15 428 11 / 0 16 3164 20 / 4 17 2665 21 / 3 18 3576 22 / 
17 / 0 0 274 9 / 63 13 83 4 / 67 13 41 2 / 61 14 1705 28 / 55 15 716 17 / 75 15 606 15 / 80 16 677 17 / 86 17 687 16 / 89 18 639 15 / 94 19 501 12 / 89 20 17 1 / 98 20 512 11 / 102 21 472 12 / 102 22 516 11 / 102 23 371 11 / 104 24 19 1 / 293 39 320 9 / 
